(41, 20.216933496452917)
(89, 23.80129408246535)
(26, 25.795927973228643)
(68, 34.81567463083259)
(79, 39.49773411222471)
(37, 43.03221235307336)
(33, 50.576039781699)
(11, 50.792503383865615)
(43, 51.57366479124787)
(76, 52.3843917593781)
(29, 53.900077922021595)
(112, 57.78574651244025)
(83, 68.75434168108949)
(73, 72.45792641250507)
(16, 72.74888315293919)
(20, 81.98036838170465)
(50, 88.34568240723482)
(2, 96.8617659347588)
(88, 105.37494483984322)
(84, 111.9083982550014)
(5, 113.77061000100159)
(81, 118.21937320084217)
(45, 120.46224844323636)
(86, 122.98327813162243)
(77, 124.49627544629598)
(13, 124.96880130656612)
(18, 130.3444268083603)
(109, 131.5937692293978)
(15, 132.94226303173872)
(28, 136.97654872276496)
(92, 138.95521364813916)
(51, 140.58306903749116)
(3, 144.88554068643288)
(64, 151.01324908762146)
(60, 153.46412251728415)
(17, 160.07285903612765)
(72, 165.38519492385043)
(67, 167.49959910399787)
(107, 180.6413576676172)
(39, 180.74728075409598)
(24, 181.99471778048942)
(105, 192.6609675050969)
(21, 197.63144132450182)
(63, 200.45170989542592)
(44, 202.84052134620438)
(12, 204.11188377946053)
(14, 211.65933312755192)
(52, 215.30970972067192)
(111, 215.7447498781836)
(99, 216.761751699879)
(95, 221.62841875535727)
(110, 225.50461259140576)
(57, 239.65227434764728)
(7, 240.29863377888773)
(1, 246.70347058766725)
(104, 250.24500514495787)
(32, 255.2309113332474)
(87, 256.36092038374335)
(113, 275.2611892366957)
(47, 285.1540194351116)
(62, 285.50313535931616)
(103, 290.329991216891)
(35, 306.0523731324428)
(94, 311.18810870597224)
(25, 315.84838783821584)
(108, 318.7637794668648)
(53, 340.1971221218663)
(106, 340.99104343076226)
(69, 353.0894688319095)
(71, 355.32007190700614)
(80, 356.12279132344224)
(98, 360.2217672490101)
(102, 385.4887860885191)
(91, 390.41453097957304)
(66, 405.28439816997644)
(10, 405.45256430315004)
(4, 405.6734079281017)
(70, 415.35993945011114)
(58, 415.45121939886036)
(9, 420.43546222934145)
(46, 430.1536559184404)
(8, 430.16158219906157)
(56, 435.23716247581615)
(34, 435.39221088577136)
(30, 450.06182386423313)
(61, 465.0755430034996)
(48, 465.2682419852015)
(55, 475.28941214800903)
(49, 490.05829908287444)
(36, 500.0549479807194)
(74, 520.5571996428442)
(54, 520.6327551163104)
(59, 555.1670717000424)
(31, 560.1307210821417)
(23, 565.4144647070855)
(42, 605.3760506495115)
(19, 630.0736475206688)
(27, 635.3230431048444)
(40, 640.1468231585626)
(6, 650.0839660382342)
(93, 650.2941760465028)
(96, 655.0833867531675)
(22, 655.1172618699648)
(114, 655.3206216807159)
(0, 660.2951336334382)
(90, 665.1201988362704)
(82, 680.0559676232538)
(100, 690.4580200852185)
(97, 745.060178509092)
(85, 820.0715206614603)
(75, 850.0530828130677)
(101, 880.0695111751116)
(38, 885.0507609171351)
(65, 917.1594401738446)
(78, 1050.0525560656477)


13.29, 1.97, 2.68, 16.8, 102.0, 3.0, 3.23, 0.31, 1.66, 6.0, 1.07, 2.84, 1270.0, 1


12.96, 3.45, 2.35, 18.5, 106.0, 1.39, 0.7, 0.4, 0.94, 5.28, 0.68, 1.75, 675.0, 3

